1 0.235352 0.077637 0.042969 0.034180
3 0.691406 0.741211 0.119141 0.125000
4 0.386719 0.403320 0.025391 0.025391
4 0.227539 0.298828 0.058594 0.058594
3 0.815430 0.642578 0.134766 0.150391
3 0.657715 0.720215 0.038086 0.038086
3 0.234863 0.713379 0.124023 0.129883
1 0.193359 0.101562 0.048828 0.048828
2 0.448242 0.592773 0.066406 0.066406
3 0.720215 0.376465 0.168945 0.170898
4 0.235352 0.246094 0.031250 0.031250
2 0.274414 0.612305 0.080078 0.080078
4 0.815430 0.196289 0.044922 0.044922
1 0.550293 0.221191 0.038086 0.036133
1 0.771973 0.345215 0.079102 0.112305
3 0.819824 0.270996 0.118164 0.114258
2 0.099609 0.344727 0.039062 0.039062
