1 0.326172 0.583008 0.054688 0.056641
3 0.733887 0.763672 0.084961 0.089844
0 0.125000 0.467773 0.052734 0.054688
4 0.589844 0.771484 0.066406 0.066406
4 0.703125 0.437500 0.066406 0.066406
1 0.268066 0.333008 0.090820 0.117188
4 0.467773 0.527344 0.070312 0.070312
1 0.688477 0.292969 0.107422 0.093750
2 0.508789 0.500000 0.128906 0.128906
0 0.310547 0.857422 0.025391 0.095703
3 0.159668 0.359375 0.108398 0.109375
2 0.724609 0.158203 0.109375 0.109375
0 0.661621 0.602051 0.040039 0.018555
3 0.185547 0.256348 0.060547 0.061523
2 0.110352 0.738281 0.068359 0.068359
4 0.404297 0.441406 0.035156 0.035156
