2 0.114258 0.760742 0.080078 0.080078
0 0.200195 0.342773 0.041016 0.101562
2 0.422852 0.552734 0.095703 0.095703
2 0.368164 0.291016 0.074219 0.074219
4 0.606445 0.766602 0.044922 0.044922
0 0.789062 0.213379 0.054688 0.077148
4 0.390625 0.291992 0.095703 0.095703
4 0.749023 0.825195 0.082031 0.082031
2 0.311523 0.221680 0.058594 0.058594
2 0.572266 0.466797 0.130859 0.130859
3 0.789062 0.387695 0.097656 0.087891
3 0.275879 0.491699 0.100586 0.104492
1 0.903320 0.127930 0.060547 0.068359
4 0.520508 0.398438 0.085938 0.085938
