3 0.193848 0.196777 0.071289 0.065430
3 0.324707 0.360840 0.071289 0.084961
2 0.634766 0.738281 0.046875 0.046875
3 0.232422 0.567871 0.058594 0.061523
2 0.335938 0.401367 0.107422 0.107422
1 0.268066 0.708496 0.051758 0.045898
0 0.811523 0.235840 0.068359 0.028320
3 0.353027 0.164551 0.127930 0.166992
3 0.750000 0.748535 0.103516 0.090820
3 0.069336 0.917969 0.050781 0.054688
2 0.571289 0.817383 0.103516 0.103516
0 0.346680 0.658203 0.027344 0.074219
1 0.561523 0.683594 0.119141 0.121094
4 0.447266 0.589844 0.066406 0.066406
0 0.354492 0.572754 0.066406 0.086914
1 0.415527 0.415039 0.100586 0.117188
3 0.898926 0.278320 0.086914 0.070312
